18746
28690
21398
27411
16368
2830
14722
30705
13237
24037
16077
21980
6859
18270
17013
13807
14256
16013
25482
28167
12194
8010
27608
18642
27235
6881
19910
7209
7994
8459
14718
6560
13114
21789
3406
3419
19654
25472
9550
32547
16469
19297
20036
27064
14963
28841
24516
31849
19209
2608
16796
6883
13789
16429
24687
3911
11356
3826
21919
8831
21656
16854
18032
3793
16781
6770
15979
180
16552
30736
2305
6627
8330
4960
20081
10929
21769
8813
30700
5532
7287
30928
7926
4388
2599
30755
3087
15326
6702
25785
2195
14020
12903
29324
2015
14799
13498
7799
27573
22216
1693
10150
26594
24155
12762
15690
18717
7021
659
13457
9011
22703
18052
23253
10849
25715
4489
14356
15361
1727
11104
21920
23146
7584
2735
23831
8209
21441
329
9110
28148
9532
32173
29994
22840
9904
1488
13447
7184
17044
20252
8957
3554
24779
6072
25767
26277
11384
9482
5350
20878
27667
2938
32525
4843
8125
9081
20318
17743
22992
20418
20534
29167
1467
30944
1924
2124
4365
25073
18559
30994
10959
15017
3481
30784
3351
4762
11950
10890
1242
4530
18306
16892
11266
6661
25194
19935
2496
14028
15177
16864
3364
31918
11966
30831
5611
16191
10652
13414
32664
16327
11419
26091
25286
14660
14413
13975
188
28082
13651
8408
3394
6281
11472
5779
19123
27272
25886
31502
11348
29361
14016
29710
29412
6293
11672
22076
30580
3025
19034
12493
6265
19673
30785
15458
32032
13044
2817
12589
8929
5000
22780
18518
26967
28312
17848
27805
4175
17547
20625
24128
23583
31023
31659
19999
21561
26621
7979
13342
20479
3487
31911
25803
17881
27311
9946
10817
4229
962
4509
25676
7855
8869
24083
29645
16578
15590
14115
30048
2301
9110
21035
3901
29129
24654
26610
22108
15946
25456
14815
3805
18740
26543
30569
19366
13792
11986
6095
12622
14239
31668
31753
24634
25422
28048
27902
18949
16170
8315
18935
30245
1254
14130
31572
31180
18939
12822
32126
9997
576
14197
6172
14144
4282
12555
5514
29863
23221
25289
3718
10066
4371
24277
7725
18751
9189
31441
4647
17862
5176
10848
27422
18484
6193
25318
16756
23991
17757
27792
25141
28282
13634
17557
14410
21008
22586
29883
22000
790
27265
1052
12905
13844
16268
25898
28657
22437
22428
1265
15860
13784
29588
24476
11134
22741
6919
15931
32243
20164
18582
451
24576
28394
12409
8022
31953
22549
21851
12741
23429
11835
24427
17492
3807
23390
27056
15037
3390
22450
14748
31351
17615
15618
5349
14647
16385
10576
10640
5304
28217
13500
15439
22456
25800
32423
4364
4163
11290
5655
16838
23347
27951
16733
30620
2296
4943
26870
14887
32661
13818
10672
18701
32235
24351
21005
13267
9274
398
20204
9203
26085
13230
19302
3375
18549
627
2039
14372
5089
28811
11486
23330
22541
30168
7110
13627
27536
4899
1189
24474
18362
19983
16869
18711
26070
10571
16322
4104
428
27916
29427
11865
25930
21435
8844
11231
8708
28394
2339
19177
23226
22669
4401
25368
857
1127
12476
24177
14756
17858
10291
3249
6965
23907
10394
16608
15550
9149
9446
27945
9877
9061
21163
12521
31344
14278
7668
3334
9837
1046
5234
12930
18773
22153
3034
8016
11297
19396
1928
32102
29885
18068
8552
30739
30221
4064
31254
31635
16686
13020
29764
4833
23550
27008
16221
22476
16606
11577
30055
10573
2998
16350
20526
7192
30778
16613
14751
22897
5484
8919
15218
24641
21090
5377
4620
23657
18506
13677
26275
2134
26027
7952
29859
19669
24302
10309
7760
4905
2076
25978
13485
32092
31721
17449
30365
30930
13298
21003
2889
24356
30275
1160
31681
6443
15388
5233
28646
30810
30197
16881
12935
14929
20671
5313
16586
27312
24685
27804
26830
5929
21427
30195
15246
2522
5389
22241
22025
32217
32004
10337
17824
528
31149
4031
3007
32331
20338
3148
1215
3727
22292
19798
13835
10414
23793
9303
18306
16408
1411
26477
11293
23540
23338
22538
15826
21359
26923
25069
20664
9300
2040
18001
363
6110
16050
1892
17074
10698
24044
10234
28255
26031
14258
4995
23927
11922
6345
16954
19347
9397
26425
28064
2438
7601
2569
26921
17216
25284
32330
29493
23795
10604
15703
4673
11124
31285
22618
21087
3043
31183
27922
30435
7822
18531
22484
29792
10515
27431
18128
18131
25541
29745
4758
30749
13905
23689
32729
27319
10146
17537
20082
15521
1281
3657
14759
22171
1153
1726
19886
31640
26266
4227
13933
27760
23316
1363
27524
29653
11558
16789
23949
28296
31456
3633
2210
9164
31686
23715
4128
540
6846
2382
18347
5145
26412
6162
19827
16838
8539
7968
6581
12791
26143
21517
10116
24583
15800
28454
6857
14794
4602
22788
1929
22978
20395
22112
15974
12694
14125
9768
17001
14527
8284
17873
19454
29573
13754
20464
32064
26154
27338
10500
11127
18533
12729
28310
25055
3346
13379
23685
428
4647
5077
7323
9034
3306
29935
13411
7401
1633
22989
1343
21049
31754
4166
4789
12658
30925
14068
778
408
14895
7573
3602
26109
13768
1201
20038
15111
4855
126
10263
12339
27860
768
15234
17242
28774
20852
5093
308
11031
26863
2577
12058
7524
5699
3232
16912
26073
17698
17033
18178
6205
19078
15345
8270
5386
11855
9540
15491
29984
14382
12421
10856
23993
17347
10466
11841
20640
8194
25740
15437
19614
32219
2245
31891
21045
12826
21563
15327
8337
20108
25492
28167
16060
22115
9290
9586
9489
4571
27065
9179
6899
17694
22646
26707
7359
20069
7139
24197
24062
28513
6656
4926
15328
17881
6532
4653
13286
14228
3629
20711
13022
21881
32596
19245
20500
31221
15556
13426
18631
9885
21964
25240
20442
25877
1683
22011
1484
12080
4012
688
11498
8792
11242
16143
28099
561
6262
31598
16349
20089
25374
10032
19110
28723
29424
26367
21165
16900
32520
85
1810
30685
26534
7745
17212
10714
9604
21352
6345
1642
17254
32074
13771
28593
5618
27846
31537
2090
9666
30688
22403
29329
32696
22723
14803
18688
24465
32258
12528
3928
26813
12323
2780
9442
24942
12382
2176
31030
9200
13474
31135
2140
14904
25817
21769
25138
22463
15725
8465
16653
9617
31499
16448
29603
5280
29607
30283
7721
10847
192
14659
5816
31628
24293
8972
24821
18765
